1.00000000
1.00000000
0.99745133
0.99682106
0.99727431
0.99772860
0.99805308
0.99829645
0.99848573
0.99863716
0.99856642
0.99858627
0.99864636
0.99867581
0.99869420
0.99876382
0.99882478
0.99888099
0.99893989
0.99898895
0.99903709
0.99907686
0.99911343
0.99914645
0.99917969
0.99921124
0.99924045
0.99926758
0.99929283
0.99931640
0.99933429
0.99934834
0.99936808
0.99938345
0.99939516
0.99940811
0.99941890
0.99942023
0.99943163
0.99944584
0.99945936
0.99947223
0.99948451
0.99949622
0.99950742
0.99951748
0.99952775
0.99953759
0.99954442
0.99955076
0.99955725
0.99956174
0.99956312
0.99956667
0.99957046
0.99957581
0.99958288
0.99958191
0.99958498
0.99958676
0.99959145
0.99959011
0.99959006
0.99959479
0.99960081
0.99960378
0.99960956
0.99961530
0.99962088
0.99962630
0.99963156
0.99963668
0.99964109
0.99964594
0.99965066
0.99965526
0.99965974
0.99966410
0.99966728
0.99967112
0.99967436
0.99967180
0.99967567
0.99967953
0.99968283
0.99968652
0.99969012
0.99969288
0.99969302
0.99969454
0.99969789
0.99970118
0.99970439
0.99970681
0.99970990
0.99971093
0.99971391
0.99971683
0.99971969
0.99972249
0.99972524
0.99972794
0.99973058
0.99973317
0.99973567
0.99973702
0.99973825
0.99974064
0.99974302
0.99974377
0.99974421
0.99974572
0.99974797
0.99975018
0.99975039
0.99974917
0.99974801
0.99974772
0.99974984
0.99975015
0.99975222
0.99975425
0.99975625
0.99975821
0.99976015
0.99976205
0.99976393
0.99976541
0.99976723
0.99976800
0.99976977
0.99977151
0.99977323
0.99977412
0.99977508
0.99977642
0.99977521
0.99977440
0.99977489
0.99977650
0.99977809
0.99977965
0.99978119
0.99978268
0.99978418
0.99978540
0.99978549
0.99978694
0.99978837
0.99978978
0.99979117
0.99979255
0.99979129
0.99979035
0.99978962
0.99979097
0.99979165
0.99979195
0.99979287
0.99979355
0.99979367
0.99979494
0.99979620
0.99979661
0.99979474
0.99979448
0.99979470
0.99979592
0.99979713
0.99979832
0.99979950
0.99980067
0.99980133
0.99980247
0.99980360
0.99980472
0.99980582
0.99980632
0.99980709
0.99980816
0.99980922
0.99981027
0.99981131
0.99981047
0.99981135
0.99981142
0.99981133
0.99981131
0.99981158
0.99981254
0.99981352
0.99981449
0.99981495
0.99981590
0.99981684
0.99981778
0.99981870
0.99981962
0.99982053
0.99982142
0.99982199
0.99982222
0.99982310
0.99982348
0.99982354
0.99982343
0.99982261
0.99982229
0.99982260
0.99982196
0.99982195
0.99982258
0.99982341
0.99982424
0.99982505
0.99982586
0.99982667
0.99982746
0.99982820
0.99982898
0.99982975
0.99983052
0.99983089
0.99983064
0.99983059
0.99983103
0.99983120
0.99983194
0.99983226
0.99983299
0.99983372
0.99983428
0.99983499
0.99983570
0.99983639
0.99983623
0.99983678
0.99983731
0.99983799
0.99983858
0.99983923
0.99983989
0.99984055
0.99984120
0.99984185
0.99984237
0.99984301
0.99984364
0.99984427
0.99984489
0.99984551
0.99984613
0.99984673
0.99984706
0.99984766
0.99984814
0.99984873
0.99984932
0.99984985
0.99985022
0.99985031
0.99985088
0.99985145
0.99985201
0.99985257
0.99985313
0.99985368
0.99985405
0.99985371
0.99985425
0.99985478
0.99985532
0.99985585
0.99985599
0.99985542
0.99985540
0.99985592
0.99985587
0.99985638
0.99985689
0.99985740
0.99985791
0.99985841
0.99985891
0.99985941
0.99985990
0.99986039
0.99986041
0.99986090
0.99986099
0.99986147
0.99986137
0.99986129
0.99986126
0.99986173
0.99986160
0.99986189
0.99986235
0.99986276
0.99986321
0.99986367
0.99986412
0.99986402
0.99986447
0.99986449
0.99986479
0.99986523
0.99986567
0.99986610
0.99986653
0.99986641
0.99986637
0.99986680
0.99986722
0.99986764
0.99986779
0.99986748
0.99986744
0.99986685
0.99986685
0.99986727
0.99986768
0.99986809
0.99986832
0.99986805
0.99986820
0.99986860
0.99986900
0.99986940
0.99986980
0.99986971
0.99986994
0.99987014
0.99986998
0.99987037
0.99987076
0.99987114
0.99987005
0.99986978
0.99986946
0.99986984
0.99987022
0.99987060
0.99987098
0.99987135
0.99987172
0.99987209
0.99987246
0.99987282
0.99987319
0.99987333
0.99987360
0.99987387
0.99987422
0.99987458
0.99987454
0.99987489
0.99987524
0.99987530
0.99987554
0.99987588
0.99987609
0.99987615
0.99987596
0.99987617
0.99987651
0.99987684
0.99987695
0.99987717
0.99987751
0.99987784
0.99987816
0.99987849
0.99987822
0.99987816
0.99987820
0.99987760
0.99987698
0.99987667
0.99987647
0.99987567
0.99987599
0.99987614
0.99987646
0.99987678
0.99987710
0.99987742
0.99987773
0.99987770
0.99987728
0.99987717
0.99987748
0.99987779
0.99987787
0.99987736
0.99987759
0.99987790
0.99987795
0.99987826
0.99987856
0.99987886
0.99987916
0.99987918
0.99987948
0.99987978
0.99988000
0.99988029
0.99988058
0.99988088
0.99988117
0.99988146
0.99988148
0.99988096
0.99988045
0.99988074
0.99988103
0.99988105
0.99988133
0.99988137
0.99988135
0.99988136
0.99988156
0.99988184
0.99988190
0.99988218
0.99988191
0.99988188
0.99988190
0.99988155
0.99988107
0.99988034
0.99988006
0.99988034
0.99988061
0.99988089
0.99988116
0.99988138
0.99988165
0.99988192
0.99988204
0.99988180
0.99988164
0.99988171
0.99988148
0.99988141
0.99988144
0.99988171
0.99988182
0.99988209
0.99988231
