nan
0.500
0.541
0.512
0.492
0.451
0.414
0.404
0.429
0.505
0.518
0.478
0.473
0.492
0.506
0.506
0.499
0.486
0.491
0.490
0.491
0.483
0.489
0.508
0.465
0.463
0.474
0.485
0.488
0.490
0.497
0.500
0.515
0.527
0.533
0.523
0.531
0.538
0.548
0.559
0.564
0.564
0.562
0.563
0.563
0.557
0.551
0.545
0.540
0.535
0.534
0.536
0.536
0.539
0.540
0.540
0.536
0.527
0.523
0.521
0.513
0.508
0.509
0.509
0.506
0.503
0.500
0.494
0.520
0.514
0.508
0.503
0.502
0.502
0.505
0.506
0.504
0.505
0.504
0.504
0.505
0.503
0.501
0.502
0.501
0.497
0.493
0.492
0.495
0.497
0.498
0.498
0.496
0.497
0.496
0.498
0.499
0.500
0.499
0.501
0.503
0.502
0.498
0.499
0.501
0.501
0.500
0.502
0.502
0.501
0.501
0.500
0.499
0.497
0.496
0.493
0.492
0.490
0.489
0.489
0.490
0.489
0.489
0.488
0.488
0.488
0.486
0.482
0.482
0.480
0.480
0.476
0.474
0.471
0.471
0.473
0.474
0.473
0.472
0.473
0.474
0.473
0.473
0.472
0.470
0.471
0.470
0.470
0.470
0.471
0.472
0.473
0.474
0.473
0.472
0.469
0.469
0.466
0.465
0.463
0.461
0.460
0.460
0.459
0.459
0.459
0.461
0.461
0.461
0.461
0.460
0.460
0.460
0.458
0.458
0.459
0.459
0.459
0.458
0.458
0.459
0.459
0.459
0.458
0.457
0.457
0.456
0.455
0.453
0.452
0.451
0.451
0.451
0.451
0.450
0.449
0.449
0.449
0.449
0.450
0.451
0.453
0.454
0.456
0.456
0.456
0.455
0.456
0.457
0.456
0.456
0.456
0.454
0.453
0.452
0.453
0.454
0.452
0.452
0.453
0.452
0.451
0.452
0.453
0.454
0.453
0.451
0.450
0.451
0.452
0.452
0.452
0.451
0.450
0.450
0.451
0.451
0.450
0.451
0.450
0.450
0.451
0.451
0.450
0.449
0.448
0.448
0.449
0.450
0.450
0.450
0.450
0.451
0.452
0.452
0.453
0.452
0.458
0.457
0.456
0.456
0.456
0.456
0.457
0.457
0.458
0.459
0.459
0.459
0.458
0.457
0.457
0.457
0.457
0.458
0.459
0.460
0.461
0.461
0.461
0.461
0.460
0.460
0.461
0.462
0.463
0.463
0.463
0.462
0.462
0.461
0.460
0.460
0.460
0.460
0.460
0.460
0.460
0.460
0.460
0.461
0.462
0.463
0.463
0.462
0.462
0.462
0.461
0.462
0.463
0.464
0.464
0.464
0.464
0.464
0.463
0.462
0.461
0.462
0.463
0.464
0.464
0.465
0.466
0.466
0.465
0.465
0.465
0.465
0.465
0.464
0.465
0.464
0.464
0.463
0.462
0.461
0.460
0.459
0.459
0.459
0.459
0.460
0.459
0.459
0.460
0.460
0.461
0.461
0.461
0.461
0.460
0.459
0.458
0.457
0.457
0.456
0.457
0.456
0.456
0.456
0.456
0.456
0.455
0.455
0.455
0.455
0.455
0.456
0.455
0.455
0.455
0.456
0.457
0.457
0.457
0.456
0.455
0.454
0.453
0.453
0.452
0.451
0.450
0.450
0.450
0.449
0.449
0.449
0.449
0.450
0.450
0.450
0.449
0.449
0.448
0.447
0.446
0.446
0.446
0.446
0.447
0.447
0.447
0.447
0.448
0.448
0.449
0.449
0.450
0.451
0.451
0.451
0.450
0.450
0.451
0.451
0.451
0.450
0.450
0.450
0.451
0.450
0.449
0.449
0.448
0.449
0.449
0.450
0.451
0.451
0.452
0.453
0.454
0.453
0.453
0.453
0.453
0.452
0.453
0.452
0.452
0.453
0.453
0.453
0.452
0.453
0.453
0.454
0.454
